
=== window 0 ===
amp 0.05    0.00 0.00 0.00 0.00   (ths: 0.05, 0.10, 0.15, 0.20 )
amp 0.10    0.00 0.00 0.00 0.00   (ths: 0.05, 0.10, 0.15, 0.20 )
amp 0.20    0.00 0.00 1.00 0.00   (ths: 0.05, 0.10, 0.15, 0.20 )
amp 0.35    1.00 0.00 1.00 0.00   (ths: 0.05, 0.10, 0.15, 0.20 )

=== window 1 ===
amp 0.05    0.00 0.00 0.00 0.00   (ths: 0.05, 0.10, 0.15, 0.20 )
amp 0.10    0.00 0.00 0.00 0.00   (ths: 0.05, 0.10, 0.15, 0.20 )
amp 0.20    0.00 0.00 0.00 0.00   (ths: 0.05, 0.10, 0.15, 0.20 )
amp 0.35    0.00 1.00 0.00 0.00   (ths: 0.05, 0.10, 0.15, 0.20 )

=== window 2 ===
amp 0.05    0.00 0.00 0.00 0.00   (ths: 0.05, 0.10, 0.15, 0.20 )
amp 0.10    1.00 0.00 0.00 0.00   (ths: 0.05, 0.10, 0.15, 0.20 )
amp 0.20    1.00 1.00 0.00 0.00   (ths: 0.05, 0.10, 0.15, 0.20 )
amp 0.35    0.00 1.00 0.00 0.00   (ths: 0.05, 0.10, 0.15, 0.20 )

=== window 5 ===
amp 0.05    0.00 0.00 0.00 0.00   (ths: 0.05, 0.10, 0.15, 0.20 )
amp 0.10    1.00 0.00 0.00 0.00   (ths: 0.05, 0.10, 0.15, 0.20 )
amp 0.20    1.00 1.00 1.00 0.00   (ths: 0.05, 0.10, 0.15, 0.20 )
amp 0.35    1.00 1.00 1.00 1.00   (ths: 0.05, 0.10, 0.15, 0.20 )

=== window 10 ===
amp 0.05    0.00 0.00 0.00 0.00   (ths: 0.05, 0.10, 0.15, 0.20 )
amp 0.10    1.00 0.00 0.00 0.00   (ths: 0.05, 0.10, 0.15, 0.20 )
amp 0.20    1.00 1.00 1.00 0.00   (ths: 0.05, 0.10, 0.15, 0.20 )
amp 0.35    1.00 1.00 1.00 1.00   (ths: 0.05, 0.10, 0.15, 0.20 )
